0 0.476875 0.202500 0.048750 0.055000
0 0.579375 0.775000 0.063750 0.060000
0 0.478125 0.775000 0.046250 0.075000
0 0.630000 0.645000 0.032500 0.050000
0 0.598125 0.652500 0.031250 0.050000
0 0.830000 0.563750 0.050000 0.057500
0 0.981250 0.593750 0.037500 0.042500
0 0.110000 0.540000 0.070000 0.070000
0 0.665625 0.637500 0.016250 0.045000
0 0.765625 0.631250 0.021250 0.027500
1 0.506250 0.878750 0.097500 0.162500
1 0.595000 0.921250 0.097500 0.157500
1 0.834375 0.690000 0.073750 0.170000
1 0.968125 0.711250 0.063750 0.157500
1 0.022500 0.867500 0.042500 0.190000
1 0.150000 0.098750 0.085000 0.157500
1 0.410625 0.910000 0.081250 0.170000
1 0.623750 0.755000 0.062500 0.140000
1 0.475625 0.336250 0.081250 0.162500
