0 0.191176 0.465470 0.054412 0.140884
0 0.133824 0.335635 0.039706 0.151934
0 0.240441 0.127072 0.047059 0.077348
0 0.314338 0.138122 0.055147 0.143646
0 0.376471 0.088398 0.058824 0.116022
0 0.484559 0.077348 0.052941 0.110497
0 0.624632 0.118785 0.061029 0.154696
0 0.703676 0.127072 0.079412 0.226519
0 0.775735 0.219613 0.026471 0.118785
0 0.822794 0.254144 0.032353 0.060773
0 0.853309 0.205801 0.028676 0.052486
0 0.860662 0.323204 0.044853 0.121547
0 0.904044 0.182320 0.012500 0.038674
1 0.219853 0.776243 0.107353 0.408840
1 0.072794 0.444751 0.101471 0.320442
1 0.722059 0.447514 0.063235 0.331492
1 0.780882 0.462707 0.072059 0.295580
1 0.824632 0.443370 0.046324 0.279006
1 0.890074 0.581492 0.094853 0.400552
1 0.920956 0.299724 0.033088 0.174033
